1
Fuji 7 18
008 011 015 035 042 055 066 090 074 100 080 090 010 007 002 000 -03 -14 
009 012 022 046 059 072 093 101 132 180 130 109 012 007 002 000 -03 -15 
012 017 029 052 078 092 107 150 181 198 168 131 015 011 003 001 -04 -15 
015 020 030 060 087 111 120 170 201 180 200 178 031 009 002 -01 -09 -23 
011 017 026 057 073 099 115 169 190 204 160 152 022 008 002 -01 -08 -26 
008 009 018 045 056 088 100 105 110 179 120 110 019 009 001 -02 -08 -27 
007 010 013 029 044 062 075 080 099 102 096 077 017 007 001 -03 -10 -34 
-----------------------------------------------------------------------
Fuji: 15
